1.005049999999999999e+00 9.744299265367050156e-01
1.015050000000000008e+00 1.352210832103204918e+00
1.025050000000000017e+00 1.665543345976870038e+00
1.035050000000000026e+00 1.918761600835545034e+00
1.045050000000000034e+00 2.115963344653014833e+00
1.055050000000000043e+00 2.261022359960279893e+00
1.065050000000000052e+00 2.357600182691884871e+00
1.075050000000000061e+00 2.409157165224755204e+00
1.085050000000000070e+00 2.418962925033265154e+00
1.095050000000000079e+00 2.390106217449354808e+00
1.105050000000000088e+00 2.330045879254294849e+00
1.115050000000000097e+00 2.267744277471964942e+00
1.125050000000000106e+00 2.207761950290635156e+00
1.135049999999999892e+00 2.150003350488855158e+00
1.145049999999999901e+00 2.094377325402489998e+00
1.155049999999999910e+00 2.040796890318770096e+00
1.165049999999999919e+00 1.989179014963105008e+00
1.175049999999999928e+00 1.939444422234819942e+00
1.185049999999999937e+00 1.891517398408135042e+00
1.195049999999999946e+00 1.845325614070369991e+00
1.205049999999999955e+00 1.800799955120500062e+00
1.215049999999999963e+00 1.757874363198435042e+00
1.225049999999999972e+00 1.716485684959045077e+00
1.235049999999999981e+00 1.676573529645235094e+00
1.245049999999999990e+00 1.638080134451634917e+00
1.255049999999999999e+00 1.600950237204950000e+00
1.265050000000000008e+00 1.565130955918865086e+00
1.275050000000000017e+00 1.530571674810969895e+00
1.285050000000000026e+00 1.497223936396510080e+00
1.295050000000000034e+00 1.465041339299254952e+00
1.305050000000000043e+00 1.433979441443050007e+00
1.315050000000000052e+00 1.403995668309840017e+00
1.325050000000000061e+00 1.375049225969869893e+00
1.335050000000000070e+00 1.347101018608930056e+00
1.345050000000000079e+00 1.320113570294779937e+00
1.355050000000000088e+00 1.294050950741419959e+00
1.365050000000000097e+00 1.268878704844895067e+00
1.375050000000000106e+00 1.244563785778425080e+00
1.385049999999999892e+00 1.221074491448030042e+00
1.395049999999999901e+00 1.198380404121750065e+00
1.405049999999999910e+00 1.176452333057319999e+00
1.415049999999999919e+00 1.155262259963574900e+00
1.425049999999999928e+00 1.134783287140999963e+00
1.435049999999999937e+00 1.114989588155985034e+00
1.445049999999999946e+00 1.095856360912174976e+00
1.455049999999999955e+00 1.077359782990269910e+00
1.465049999999999963e+00 1.059476969135370039e+00
1.475049999999999972e+00 1.042185930777894898e+00
1.485049999999999981e+00 1.025465537480954925e+00
1.495049999999999990e+00 1.009295480212984986e+00
1.505049999999999999e+00 1.000000000000001998e+00
1.515050000000000008e+00 1.000000000000000444e+00
1.525050000000000017e+00 9.999999999999981126e-01
1.535050000000000026e+00 9.999999999999980016e-01
1.545050000000000034e+00 9.999999999999994449e-01
1.555050000000000043e+00 1.000000000000000000e+00
1.565050000000000052e+00 1.000000000000001554e+00
1.575050000000000061e+00 1.000000000000001110e+00
1.585050000000000070e+00 9.999999999999980016e-01
1.595050000000000079e+00 9.999999999999990008e-01
1.605050000000000088e+00 9.999999999999980016e-01
1.615050000000000097e+00 9.999999999999980016e-01
1.625050000000000106e+00 1.000000000000000000e+00
1.635049999999999892e+00 9.999999999999994449e-01
1.645049999999999901e+00 1.000000000000000000e+00
1.655049999999999910e+00 9.999999999999980016e-01
1.665049999999999919e+00 1.000000000000001998e+00
1.675049999999999928e+00 1.000000000000001332e+00
1.685049999999999937e+00 9.999999999999984457e-01
1.695049999999999946e+00 9.999999999999984457e-01
1.705049999999999955e+00 9.999999999999985567e-01
1.715049999999999963e+00 9.999999999999990008e-01
1.725049999999999972e+00 1.000000000000001110e+00
1.735049999999999981e+00 9.999999999999994449e-01
1.745049999999999990e+00 1.000000000000000444e+00
1.755049999999999999e+00 9.999999999999980016e-01
1.765050000000000008e+00 9.999999999999980016e-01
1.775050000000000017e+00 1.000000000000001332e+00
1.785050000000000026e+00 9.999999999999990008e-01
1.795050000000000034e+00 1.000000000000001110e+00
1.805050000000000043e+00 1.000000000000001554e+00
1.815050000000000052e+00 9.999999999999980016e-01
1.825050000000000061e+00 1.000000000000002442e+00
1.835050000000000070e+00 1.000000000000000888e+00
1.845050000000000079e+00 1.000000000000001998e+00
1.855050000000000088e+00 1.000000000000000000e+00
1.865050000000000097e+00 9.999999999999990008e-01
1.875050000000000106e+00 9.999999999999980016e-01
1.885049999999999892e+00 1.000000000000001110e+00
1.895049999999999901e+00 1.000000000000001998e+00
1.905049999999999910e+00 9.999999999999980016e-01
1.915049999999999919e+00 1.000000000000001554e+00
1.925049999999999928e+00 1.000000000000000000e+00
1.935049999999999937e+00 1.000000000000001998e+00
1.945049999999999946e+00 9.999999999999975575e-01
1.955049999999999955e+00 9.999999999999984457e-01
1.965049999999999963e+00 9.999999999999975575e-01
1.975049999999999972e+00 9.999999999999975575e-01
1.985049999999999981e+00 9.999999999999995559e-01
1.995049999999999990e+00 1.000000000000002442e+00
2.005050000000000221e+00 9.999999999999988898e-01
2.015050000000000008e+00 1.000000000000001554e+00
2.025049999999999795e+00 1.000000000000000444e+00
2.035050000000000026e+00 1.000000000000001998e+00
2.045049999999999812e+00 1.000000000000000444e+00
2.055050000000000043e+00 1.000000000000000444e+00
2.065049999999999830e+00 1.000000000000001998e+00
2.075050000000000061e+00 1.000000000000001554e+00
2.085049999999999848e+00 1.000000000000000444e+00
2.095050000000000079e+00 9.999999999999980016e-01
2.105049999999999866e+00 1.000000000000000444e+00
2.115050000000000097e+00 1.000000000000002665e+00
2.125049999999999883e+00 9.999999999999984457e-01
2.135050000000000114e+00 1.000000000000000000e+00
2.145049999999999901e+00 1.000000000000002442e+00
2.155050000000000132e+00 9.999999999999991118e-01
2.165049999999999919e+00 1.000000000000000444e+00
2.175050000000000150e+00 1.000000000000001554e+00
2.185049999999999937e+00 9.999999999999980016e-01
2.195050000000000168e+00 1.000000000000000000e+00
2.205049999999999955e+00 9.999999999999980016e-01
2.215050000000000185e+00 9.999999999999991118e-01
2.225049999999999972e+00 9.999999999999990008e-01
2.235050000000000203e+00 1.000000000000000888e+00
2.245049999999999990e+00 9.999999999999975575e-01
2.255050000000000221e+00 1.000000000000000000e+00
2.265050000000000008e+00 9.999999999999980016e-01
2.275049999999999795e+00 9.999999999999980016e-01
2.285050000000000026e+00 9.999999999999994449e-01
2.295049999999999812e+00 9.999999999999991118e-01
2.305050000000000043e+00 9.999999999999975575e-01
2.315049999999999830e+00 1.000000000000001998e+00
2.325050000000000061e+00 1.000000000000000444e+00
2.335049999999999848e+00 1.000000000000000888e+00
2.345050000000000079e+00 1.000000000000001554e+00
2.355049999999999866e+00 1.000000000000001998e+00
2.365050000000000097e+00 1.000000000000002665e+00
2.375049999999999883e+00 1.000000000000002442e+00
2.385050000000000114e+00 1.000000000000000444e+00
2.395049999999999901e+00 1.000000000000001110e+00
2.405050000000000132e+00 9.999999999999975575e-01
2.415049999999999919e+00 1.000000000000000000e+00
2.425050000000000150e+00 1.000000000000001998e+00
2.435049999999999937e+00 9.999999999999990008e-01
2.445050000000000168e+00 1.000000000000002442e+00
2.455049999999999955e+00 9.999999999999995559e-01
2.465050000000000185e+00 1.000000000000001110e+00
2.475049999999999972e+00 9.999999999999974465e-01
2.485050000000000203e+00 1.000000000000002442e+00
2.495049999999999990e+00 1.000000000000002442e+00
2.505050000000000221e+00 9.999999999999980016e-01
2.515050000000000008e+00 1.000000000000001998e+00
2.525049999999999795e+00 9.999999999999980016e-01
2.535050000000000026e+00 9.999999999999995559e-01
2.545049999999999812e+00 9.999999999999984457e-01
2.555050000000000043e+00 9.999999999999980016e-01
2.565049999999999830e+00 1.000000000000000888e+00
2.575050000000000061e+00 9.999999999999990008e-01
2.585049999999999848e+00 1.000000000000001554e+00
2.595050000000000079e+00 1.000000000000002442e+00
2.605049999999999866e+00 9.999999999999980016e-01
2.615050000000000097e+00 1.000000000000001998e+00
2.625049999999999883e+00 1.000000000000000000e+00
2.635050000000000114e+00 1.000000000000000000e+00
2.645049999999999901e+00 9.999999999999980016e-01
2.655050000000000132e+00 1.000000000000001554e+00
2.665049999999999919e+00 1.000000000000001998e+00
2.675050000000000150e+00 9.999999999999980016e-01
2.685049999999999937e+00 1.000000000000000444e+00
2.695050000000000168e+00 1.000000000000001998e+00
2.705049999999999955e+00 1.000000000000001998e+00
2.715050000000000185e+00 9.999999999999990008e-01
2.725049999999999972e+00 9.999999999999991118e-01
2.735050000000000203e+00 1.000000000000001998e+00
2.745049999999999990e+00 1.000000000000001110e+00
2.755050000000000221e+00 1.000000000000001554e+00
2.765050000000000008e+00 1.000000000000001998e+00
2.775049999999999795e+00 1.000000000000000444e+00
2.785050000000000026e+00 9.999999999999980016e-01
2.795049999999999812e+00 1.000000000000002442e+00
2.805050000000000043e+00 1.000000000000000444e+00
2.815049999999999830e+00 9.999999999999980016e-01
2.825050000000000061e+00 1.000000000000001998e+00
2.835049999999999848e+00 9.999999999999990008e-01
2.845050000000000079e+00 9.999999999999995559e-01
2.855049999999999866e+00 1.000000000000000444e+00
2.865050000000000097e+00 9.999999999999990008e-01
2.875049999999999883e+00 1.000000000000000000e+00
2.885050000000000114e+00 1.000000000000001998e+00
2.895049999999999901e+00 9.999999999999990008e-01
2.905050000000000132e+00 9.999999999999988898e-01
2.915049999999999919e+00 1.000000000000000888e+00
2.925050000000000150e+00 1.000000000000001554e+00
2.935049999999999937e+00 9.999999999999994449e-01
2.945050000000000168e+00 9.999999999999974465e-01
2.955049999999999955e+00 1.000000000000000888e+00
2.965050000000000185e+00 9.999999999999974465e-01
2.975049999999999972e+00 9.999999999999984457e-01
2.985050000000000203e+00 1.000000000000000444e+00
2.995049999999999990e+00 1.000000000000000444e+00
3.005050000000000221e+00 9.999999999999980016e-01
3.015050000000000008e+00 9.999999999999990008e-01
3.025049999999999795e+00 9.999999999999995559e-01
3.035050000000000026e+00 1.000000000000002442e+00
3.045049999999999812e+00 9.999999999999995559e-01
3.055050000000000043e+00 1.000000000000000444e+00
3.065049999999999830e+00 9.999999999999974465e-01
3.075050000000000061e+00 1.000000000000001998e+00
3.085049999999999848e+00 1.000000000000000000e+00
3.095050000000000079e+00 9.999999999999988898e-01
3.105049999999999866e+00 9.999999999999980016e-01
3.115050000000000097e+00 9.999999999999991118e-01
3.125049999999999883e+00 9.999999999999995559e-01
3.135050000000000114e+00 1.000000000000000888e+00
3.145049999999999901e+00 9.999999999999994449e-01
3.155050000000000132e+00 9.999999999999980016e-01
3.165049999999999919e+00 1.000000000000002442e+00
3.175050000000000150e+00 1.000000000000000000e+00
3.185049999999999937e+00 1.000000000000001998e+00
3.195050000000000168e+00 1.000000000000001110e+00
3.205049999999999955e+00 1.000000000000002442e+00
3.215050000000000185e+00 1.000000000000001998e+00
3.225049999999999972e+00 9.999999999999980016e-01
3.235050000000000203e+00 9.999999999999995559e-01
3.245049999999999990e+00 1.000000000000001554e+00
3.255050000000000221e+00 9.999999999999985567e-01
3.265050000000000008e+00 9.999999999999995559e-01
3.275049999999999795e+00 9.999999999999995559e-01
3.285050000000000026e+00 9.999999999999984457e-01
3.295049999999999812e+00 9.999999999999980016e-01
3.305050000000000043e+00 1.000000000000000444e+00
3.315049999999999830e+00 1.000000000000001998e+00
3.325050000000000061e+00 9.999999999999984457e-01
3.335049999999999848e+00 9.999999999999980016e-01
3.345050000000000079e+00 9.999999999999980016e-01
3.355049999999999866e+00 9.999999999999995559e-01
3.365050000000000097e+00 1.000000000000001998e+00
3.375049999999999883e+00 9.999999999999974465e-01
3.385050000000000114e+00 1.000000000000000444e+00
3.395049999999999901e+00 9.999999999999985567e-01
3.405050000000000132e+00 1.000000000000000444e+00
3.415049999999999919e+00 9.999999999999991118e-01
3.425050000000000150e+00 9.999999999999984457e-01
3.435049999999999937e+00 9.999999999999980016e-01
3.445050000000000168e+00 1.000000000000001998e+00
3.455049999999999955e+00 1.000000000000000888e+00
3.465050000000000185e+00 9.999999999999984457e-01
3.475049999999999972e+00 9.999999999999995559e-01
3.485050000000000203e+00 1.000000000000001998e+00
3.495049999999999990e+00 9.999999999999995559e-01
3.505050000000000221e+00 1.000000000000001332e+00
3.515050000000000008e+00 1.000000000000001998e+00
3.525049999999999795e+00 9.999999999999975575e-01
3.535050000000000026e+00 1.000000000000001998e+00
3.545049999999999812e+00 9.999999999999995559e-01
3.555050000000000043e+00 1.000000000000002442e+00
3.565049999999999830e+00 1.000000000000000444e+00
3.575050000000000061e+00 9.999999999999990008e-01
3.585049999999999848e+00 9.999999999999980016e-01
3.595050000000000079e+00 1.000000000000000888e+00
3.605049999999999866e+00 1.000000000000000888e+00
3.615050000000000097e+00 9.999999999999985567e-01
3.625049999999999883e+00 9.999999999999988898e-01
3.635050000000000114e+00 9.999999999999975575e-01
3.645049999999999901e+00 1.000000000000001998e+00
3.655050000000000132e+00 9.999999999999991118e-01
3.665049999999999919e+00 1.000000000000002442e+00
3.675050000000000150e+00 1.000000000000000888e+00
3.685049999999999937e+00 1.000000000000001998e+00
3.695050000000000168e+00 1.000000000000001998e+00
3.705049999999999955e+00 9.999999999999984457e-01
3.715050000000000185e+00 1.000000000000000000e+00
3.725049999999999972e+00 9.999999999999988898e-01
3.735050000000000203e+00 9.999999999999984457e-01
3.745049999999999990e+00 9.999999999999984457e-01
3.755050000000000221e+00 1.000000000000002442e+00
3.765050000000000008e+00 1.000000000000001554e+00
3.775049999999999795e+00 9.999999999999984457e-01
3.785050000000000026e+00 9.999999999999975575e-01
3.795049999999999812e+00 9.999999999999990008e-01
3.805050000000000043e+00 9.999999999999980016e-01
3.815049999999999830e+00 1.000000000000001554e+00
3.825050000000000061e+00 1.000000000000000444e+00
3.835049999999999848e+00 1.000000000000000444e+00
3.845050000000000079e+00 1.000000000000001998e+00
3.855049999999999866e+00 1.000000000000001554e+00
3.865050000000000097e+00 9.999999999999980016e-01
3.875049999999999883e+00 9.999999999999990008e-01
3.885050000000000114e+00 1.000000000000000444e+00
3.895049999999999901e+00 1.000000000000000000e+00
3.905050000000000132e+00 1.000000000000001554e+00
3.915049999999999919e+00 9.999999999999990008e-01
3.925050000000000150e+00 1.000000000000000444e+00
3.935049999999999937e+00 9.999999999999985567e-01
3.945050000000000168e+00 1.000000000000000000e+00
3.955049999999999955e+00 1.000000000000000888e+00
3.965050000000000185e+00 9.999999999999980016e-01
3.975049999999999972e+00 9.999999999999991118e-01
3.985050000000000203e+00 9.999999999999984457e-01
3.995049999999999990e+00 9.999999999999984457e-01
4.005049999999999777e+00 1.000000000000000444e+00
4.015049999999999564e+00 1.000000000000001998e+00
4.025050000000000239e+00 1.000000000000000444e+00
4.035050000000000026e+00 1.000000000000001554e+00
4.045049999999999812e+00 9.999999999999988898e-01
4.055049999999999599e+00 9.999999999999984457e-01
4.065050000000000274e+00 1.000000000000002442e+00
4.075050000000000061e+00 9.999999999999984457e-01
4.085049999999999848e+00 1.000000000000001110e+00
4.095049999999999635e+00 9.999999999999984457e-01
4.105050000000000310e+00 9.999999999999980016e-01
4.115050000000000097e+00 1.000000000000001998e+00
4.125049999999999883e+00 1.000000000000000444e+00
4.135049999999999670e+00 9.999999999999980016e-01
4.145050000000000345e+00 1.000000000000001554e+00
4.155050000000000132e+00 1.000000000000000000e+00
4.165049999999999919e+00 1.000000000000001998e+00
4.175049999999999706e+00 9.999999999999988898e-01
4.185050000000000381e+00 1.000000000000001554e+00
4.195050000000000168e+00 1.000000000000000888e+00
4.205049999999999955e+00 1.000000000000000444e+00
4.215049999999999741e+00 9.999999999999995559e-01
4.225050000000000416e+00 1.000000000000001554e+00
4.235050000000000203e+00 1.000000000000001554e+00
4.245049999999999990e+00 1.000000000000001998e+00
4.255049999999999777e+00 1.000000000000002665e+00
4.265049999999999564e+00 9.999999999999984457e-01
4.275050000000000239e+00 1.000000000000000888e+00
4.285050000000000026e+00 1.000000000000002665e+00
4.295049999999999812e+00 1.000000000000001998e+00
4.305049999999999599e+00 1.000000000000001998e+00
4.315050000000000274e+00 9.999999999999990008e-01
4.325050000000000061e+00 1.000000000000000000e+00
4.335049999999999848e+00 9.999999999999974465e-01
4.345049999999999635e+00 1.000000000000001998e+00
4.355050000000000310e+00 1.000000000000000888e+00
4.365050000000000097e+00 1.000000000000000000e+00
4.375049999999999883e+00 9.999999999999984457e-01
4.385049999999999670e+00 1.000000000000001998e+00
4.395050000000000345e+00 9.999999999999974465e-01
4.405050000000000132e+00 1.000000000000000888e+00
4.415049999999999919e+00 1.000000000000000444e+00
4.425049999999999706e+00 9.999999999999980016e-01
4.435050000000000381e+00 9.999999999999974465e-01
4.445050000000000168e+00 9.999999999999985567e-01
4.455049999999999955e+00 9.999999999999984457e-01
4.465049999999999741e+00 9.999999999999974465e-01
4.475050000000000416e+00 1.000000000000000888e+00
4.485050000000000203e+00 1.000000000000002442e+00
4.495049999999999990e+00 9.999999999999980016e-01
4.505049999999999777e+00 9.999999999999995559e-01
4.515049999999999564e+00 9.999999999999988898e-01
4.525050000000000239e+00 9.999999999999980016e-01
4.535050000000000026e+00 1.000000000000001554e+00
4.545049999999999812e+00 1.000000000000000888e+00
4.555049999999999599e+00 1.000000000000000000e+00
4.565050000000000274e+00 9.999999999999984457e-01
4.575050000000000061e+00 1.000000000000000888e+00
4.585049999999999848e+00 9.999999999999980016e-01
4.595049999999999635e+00 9.999999999999980016e-01
4.605050000000000310e+00 1.000000000000000444e+00
4.615050000000000097e+00 9.999999999999980016e-01
4.625049999999999883e+00 1.000000000000000000e+00
4.635049999999999670e+00 9.999999999999985567e-01
4.645050000000000345e+00 1.000000000000001998e+00
4.655050000000000132e+00 1.000000000000000000e+00
4.665049999999999919e+00 1.000000000000001998e+00
4.675049999999999706e+00 1.000000000000000888e+00
4.685050000000000381e+00 9.999999999999975575e-01
4.695050000000000168e+00 9.999999999999985567e-01
4.705049999999999955e+00 9.999999999999985567e-01
4.715049999999999741e+00 9.999999999999994449e-01
4.725050000000000416e+00 1.000000000000000888e+00
4.735050000000000203e+00 9.999999999999984457e-01
4.745049999999999990e+00 1.000000000000002442e+00
4.755049999999999777e+00 9.999999999999984457e-01
4.765049999999999564e+00 1.000000000000001998e+00
4.775050000000000239e+00 9.999999999999980016e-01
4.785050000000000026e+00 9.999999999999990008e-01
4.795049999999999812e+00 9.999999999999984457e-01
4.805049999999999599e+00 1.000000000000001332e+00
4.815050000000000274e+00 9.999999999999995559e-01
4.825050000000000061e+00 9.999999999999994449e-01
4.835049999999999848e+00 9.999999999999990008e-01
4.845049999999999635e+00 1.000000000000000444e+00
4.855050000000000310e+00 1.000000000000002665e+00
4.865050000000000097e+00 1.000000000000001110e+00
4.875049999999999883e+00 9.999999999999974465e-01
4.885049999999999670e+00 1.000000000000000888e+00
4.895050000000000345e+00 9.999999999999980016e-01
4.905050000000000132e+00 9.999999999999975575e-01
4.915049999999999919e+00 9.999999999999991118e-01
4.925049999999999706e+00 1.000000000000000888e+00
4.935050000000000381e+00 1.000000000000000000e+00
4.945050000000000168e+00 1.000000000000001110e+00
4.955049999999999955e+00 9.999999999999988898e-01
4.965049999999999741e+00 1.000000000000000888e+00
4.975050000000000416e+00 1.000000000000002665e+00
4.985050000000000203e+00 9.999999999999975575e-01
4.995049999999999990e+00 9.999999999999975575e-01
5.005049999999999777e+00 1.000000000000001110e+00
5.015049999999999564e+00 1.000000000000001554e+00
5.025050000000000239e+00 9.999999999999994449e-01
5.035050000000000026e+00 9.999999999999990008e-01
5.045049999999999812e+00 9.999999999999984457e-01
5.055049999999999599e+00 9.999999999999995559e-01
5.065050000000000274e+00 9.999999999999980016e-01
5.075050000000000061e+00 9.999999999999995559e-01
5.085049999999999848e+00 9.999999999999984457e-01
5.095049999999999635e+00 1.000000000000001998e+00
5.105050000000000310e+00 1.000000000000001554e+00
5.115050000000000097e+00 9.999999999999994449e-01
5.125049999999999883e+00 9.999999999999984457e-01
5.135049999999999670e+00 1.000000000000000444e+00
5.145050000000000345e+00 1.000000000000001554e+00
5.155050000000000132e+00 9.999999999999990008e-01
5.165049999999999919e+00 9.999999999999995559e-01
5.175049999999999706e+00 9.999999999999990008e-01
5.185050000000000381e+00 9.999999999999995559e-01
5.195050000000000168e+00 1.000000000000000888e+00
5.205049999999999955e+00 9.999999999999980016e-01
5.215049999999999741e+00 1.000000000000000888e+00
5.225050000000000416e+00 1.000000000000001998e+00
5.235050000000000203e+00 9.999999999999988898e-01
5.245049999999999990e+00 1.000000000000002442e+00
5.255049999999999777e+00 9.999999999999984457e-01
5.265049999999999564e+00 1.000000000000001998e+00
5.275050000000000239e+00 9.999999999999991118e-01
5.285050000000000026e+00 1.000000000000000444e+00
5.295049999999999812e+00 1.000000000000001332e+00
5.305049999999999599e+00 9.999999999999980016e-01
5.315050000000000274e+00 9.999999999999988898e-01
5.325050000000000061e+00 9.999999999999995559e-01
5.335049999999999848e+00 9.999999999999984457e-01
5.345049999999999635e+00 1.000000000000001998e+00
5.355050000000000310e+00 9.999999999999980016e-01
5.365050000000000097e+00 1.000000000000000888e+00
5.375049999999999883e+00 1.000000000000000000e+00
5.385049999999999670e+00 1.000000000000001998e+00
5.395050000000000345e+00 9.999999999999995559e-01
5.405050000000000132e+00 1.000000000000001554e+00
5.415049999999999919e+00 1.000000000000002665e+00
5.425049999999999706e+00 1.000000000000001998e+00
5.435050000000000381e+00 9.999999999999985567e-01
5.445050000000000168e+00 1.000000000000000444e+00
5.455049999999999955e+00 1.000000000000001998e+00
5.465049999999999741e+00 1.000000000000001998e+00
5.475050000000000416e+00 1.000000000000001998e+00
5.485050000000000203e+00 1.000000000000001998e+00
5.495049999999999990e+00 9.999999999999975575e-01
5.505049999999999777e+00 1.000000000000001554e+00
5.515049999999999564e+00 1.000000000000000444e+00
5.525050000000000239e+00 1.000000000000000888e+00
5.535050000000000026e+00 1.000000000000000444e+00
5.545049999999999812e+00 1.000000000000001332e+00
5.555049999999999599e+00 9.999999999999995559e-01
5.565050000000000274e+00 9.999999999999990008e-01
5.575050000000000061e+00 9.999999999999995559e-01
5.585049999999999848e+00 9.999999999999984457e-01
5.595049999999999635e+00 1.000000000000000888e+00
5.605050000000000310e+00 9.999999999999995559e-01
5.615050000000000097e+00 1.000000000000000000e+00
5.625049999999999883e+00 9.999999999999988898e-01
5.635049999999999670e+00 1.000000000000000000e+00
5.645050000000000345e+00 9.999999999999980016e-01
5.655050000000000132e+00 9.999999999999984457e-01
5.665049999999999919e+00 1.000000000000000444e+00
5.675049999999999706e+00 9.999999999999975575e-01
5.685050000000000381e+00 1.000000000000000000e+00
5.695050000000000168e+00 1.000000000000001110e+00
5.705049999999999955e+00 9.999999999999975575e-01
5.715049999999999741e+00 1.000000000000000000e+00
5.725050000000000416e+00 9.999999999999984457e-01
5.735050000000000203e+00 9.999999999999984457e-01
5.745049999999999990e+00 1.000000000000001332e+00
5.755049999999999777e+00 9.999999999999995559e-01
5.765049999999999564e+00 9.999999999999995559e-01
5.775050000000000239e+00 9.999999999999995559e-01
5.785050000000000026e+00 1.000000000000001332e+00
5.795049999999999812e+00 9.999999999999991118e-01
5.805049999999999599e+00 9.999999999999975575e-01
5.815050000000000274e+00 9.999999999999990008e-01
5.825050000000000061e+00 9.999999999999984457e-01
5.835049999999999848e+00 1.000000000000000444e+00
5.845049999999999635e+00 9.999999999999985567e-01
5.855050000000000310e+00 1.000000000000002665e+00
5.865050000000000097e+00 1.000000000000000444e+00
5.875049999999999883e+00 9.999999999999995559e-01
5.885049999999999670e+00 9.999999999999995559e-01
5.895050000000000345e+00 9.999999999999980016e-01
5.905050000000000132e+00 1.000000000000000888e+00
5.915049999999999919e+00 9.999999999999995559e-01
5.925049999999999706e+00 9.999999999999995559e-01
5.935050000000000381e+00 9.999999999999995559e-01
5.945050000000000168e+00 1.000000000000001998e+00
5.955049999999999955e+00 9.999999999999988898e-01
5.965049999999999741e+00 1.000000000000000444e+00
5.975050000000000416e+00 9.999999999999980016e-01
5.985050000000000203e+00 9.999999999999980016e-01
5.995049999999999990e+00 1.000000000000000444e+00
6.005049999999999777e+00 1.000000000000001332e+00
6.015049999999999564e+00 1.000000000000000000e+00
6.025050000000000239e+00 9.999999999999980016e-01
6.035050000000000026e+00 1.000000000000002442e+00
6.045049999999999812e+00 1.000000000000000000e+00
6.055049999999999599e+00 9.999999999999995559e-01
6.065050000000000274e+00 1.000000000000000444e+00
6.075050000000000061e+00 1.000000000000001998e+00
6.085049999999999848e+00 1.000000000000001998e+00
6.095049999999999635e+00 1.000000000000001998e+00
6.105050000000000310e+00 1.000000000000000444e+00
6.115050000000000097e+00 9.999999999999980016e-01
6.125049999999999883e+00 1.000000000000001110e+00
6.135049999999999670e+00 9.999999999999984457e-01
6.145050000000000345e+00 9.999999999999980016e-01
6.155050000000000132e+00 9.999999999999994449e-01
6.165049999999999919e+00 9.999999999999975575e-01
6.175049999999999706e+00 9.999999999999980016e-01
6.185050000000000381e+00 9.999999999999980016e-01
6.195050000000000168e+00 1.000000000000001332e+00
6.205049999999999955e+00 1.000000000000000000e+00
6.215049999999999741e+00 9.999999999999994449e-01
6.225050000000000416e+00 1.000000000000000444e+00
6.235050000000000203e+00 1.000000000000000888e+00
6.245049999999999990e+00 1.000000000000002442e+00
6.255049999999999777e+00 9.999999999999980016e-01
6.265049999999999564e+00 1.000000000000002442e+00
6.275050000000000239e+00 9.999999999999994449e-01
6.285050000000000026e+00 1.000000000000001110e+00
6.295049999999999812e+00 1.000000000000001554e+00
6.305049999999999599e+00 9.999999999999984457e-01
6.315050000000000274e+00 1.000000000000001554e+00
6.325050000000000061e+00 9.999999999999974465e-01
6.335049999999999848e+00 9.999999999999990008e-01
6.345049999999999635e+00 1.000000000000001554e+00
6.355050000000000310e+00 9.999999999999984457e-01
6.365050000000000097e+00 9.999999999999980016e-01
6.375049999999999883e+00 9.999999999999980016e-01
6.385049999999999670e+00 1.000000000000002665e+00
6.395050000000000345e+00 1.000000000000001998e+00
6.405050000000000132e+00 1.000000000000000000e+00
6.415049999999999919e+00 1.000000000000000444e+00
6.425049999999999706e+00 9.999999999999990008e-01
6.435050000000000381e+00 1.000000000000001998e+00
6.445050000000000168e+00 9.999999999999984457e-01
6.455049999999999955e+00 1.000000000000001998e+00
6.465049999999999741e+00 9.999999999999988898e-01
6.475050000000000416e+00 1.000000000000001998e+00
6.485050000000000203e+00 1.000000000000002442e+00
6.495049999999999990e+00 1.000000000000001110e+00
6.505049999999999777e+00 1.000000000000002442e+00
6.515049999999999564e+00 9.999999999999984457e-01
6.525050000000000239e+00 1.000000000000000000e+00
6.535050000000000026e+00 9.999999999999995559e-01
6.545049999999999812e+00 1.000000000000001332e+00
6.555049999999999599e+00 9.999999999999995559e-01
6.565050000000000274e+00 9.999999999999995559e-01
6.575050000000000061e+00 1.000000000000000888e+00
6.585049999999999848e+00 1.000000000000000888e+00
6.595049999999999635e+00 1.000000000000000888e+00
6.605050000000000310e+00 1.000000000000001998e+00
6.615050000000000097e+00 9.999999999999988898e-01
6.625049999999999883e+00 1.000000000000000000e+00
6.635049999999999670e+00 9.999999999999990008e-01
6.645050000000000345e+00 9.999999999999990008e-01
6.655050000000000132e+00 9.999999999999984457e-01
6.665049999999999919e+00 1.000000000000000000e+00
6.675049999999999706e+00 1.000000000000001332e+00
6.685050000000000381e+00 1.000000000000002442e+00
6.695050000000000168e+00 9.999999999999975575e-01
6.705049999999999955e+00 9.999999999999980016e-01
6.715049999999999741e+00 9.999999999999990008e-01
6.725050000000000416e+00 1.000000000000001554e+00
6.735050000000000203e+00 1.000000000000000444e+00
6.745049999999999990e+00 1.000000000000000000e+00
6.755049999999999777e+00 9.999999999999995559e-01
6.765049999999999564e+00 9.999999999999984457e-01
6.775050000000000239e+00 9.999999999999975575e-01
6.785050000000000026e+00 9.999999999999990008e-01
6.795049999999999812e+00 1.000000000000000444e+00
6.805049999999999599e+00 1.000000000000001554e+00
6.815050000000000274e+00 9.999999999999984457e-01
6.825050000000000061e+00 1.000000000000001554e+00
6.835049999999999848e+00 9.999999999999985567e-01
6.845049999999999635e+00 1.000000000000000444e+00
6.855050000000000310e+00 9.999999999999990008e-01
6.865050000000000097e+00 1.000000000000001998e+00
6.875049999999999883e+00 9.999999999999980016e-01
6.885049999999999670e+00 9.999999999999980016e-01
6.895050000000000345e+00 1.000000000000001998e+00
6.905050000000000132e+00 1.000000000000001554e+00
6.915049999999999919e+00 1.000000000000001332e+00
6.925049999999999706e+00 9.999999999999980016e-01
6.935050000000000381e+00 9.999999999999984457e-01
6.945050000000000168e+00 9.999999999999990008e-01
6.955049999999999955e+00 1.000000000000000888e+00
6.965049999999999741e+00 9.999999999999980016e-01
6.975050000000000416e+00 1.000000000000001998e+00
6.985050000000000203e+00 9.999999999999994449e-01
6.995049999999999990e+00 1.000000000000000888e+00
7.005049999999999777e+00 1.000000000000000444e+00
7.015049999999999564e+00 9.999999999999995559e-01
7.025050000000000239e+00 9.999999999999975575e-01
7.035050000000000026e+00 9.999999999999994449e-01
7.045049999999999812e+00 1.000000000000000444e+00
7.055049999999999599e+00 1.000000000000001110e+00
7.065050000000000274e+00 9.999999999999988898e-01
7.075050000000000061e+00 9.999999999999991118e-01
7.085049999999999848e+00 1.000000000000000000e+00
7.095049999999999635e+00 1.000000000000000888e+00
7.105050000000000310e+00 9.999999999999980016e-01
7.115050000000000097e+00 9.999999999999980016e-01
7.125049999999999883e+00 9.999999999999991118e-01
7.135049999999999670e+00 1.000000000000001332e+00
7.145050000000000345e+00 1.000000000000001998e+00
7.155050000000000132e+00 9.999999999999995559e-01
7.165049999999999919e+00 9.999999999999984457e-01
7.175049999999999706e+00 1.000000000000001998e+00
7.185050000000000381e+00 9.999999999999984457e-01
7.195050000000000168e+00 1.000000000000001998e+00
7.205049999999999955e+00 9.999999999999988898e-01
7.215049999999999741e+00 1.000000000000001332e+00
7.225050000000000416e+00 1.000000000000000888e+00
7.235050000000000203e+00 1.000000000000000444e+00
7.245049999999999990e+00 1.000000000000000444e+00
7.255049999999999777e+00 9.999999999999975575e-01
7.265049999999999564e+00 1.000000000000001110e+00
7.275050000000000239e+00 9.999999999999975575e-01
7.285050000000000026e+00 1.000000000000001998e+00
7.295049999999999812e+00 1.000000000000000000e+00
7.305049999999999599e+00 9.999999999999988898e-01
7.315050000000000274e+00 1.000000000000000888e+00
7.325050000000000061e+00 1.000000000000001998e+00
7.335049999999999848e+00 1.000000000000001998e+00
7.345049999999999635e+00 9.999999999999980016e-01
7.355050000000000310e+00 1.000000000000000000e+00
7.365050000000000097e+00 1.000000000000001554e+00
7.375049999999999883e+00 9.999999999999980016e-01
7.385049999999999670e+00 1.000000000000001998e+00
7.395050000000000345e+00 9.999999999999994449e-01
7.405050000000000132e+00 9.999999999999975575e-01
7.415049999999999919e+00 9.999999999999990008e-01
7.425049999999999706e+00 1.000000000000001110e+00
7.435050000000000381e+00 9.999999999999980016e-01
7.445050000000000168e+00 1.000000000000001998e+00
7.455049999999999955e+00 1.000000000000000444e+00
7.465049999999999741e+00 9.999999999999995559e-01
7.475050000000000416e+00 1.000000000000000000e+00
7.485050000000000203e+00 1.000000000000001554e+00
7.495049999999999990e+00 1.000000000000001998e+00
7.505049999999999777e+00 1.000000000000001110e+00
7.515049999999999564e+00 1.000000000000002665e+00
7.525050000000000239e+00 9.999999999999990008e-01
7.535050000000000026e+00 1.000000000000000444e+00
7.545049999999999812e+00 9.999999999999980016e-01
7.555049999999999599e+00 1.000000000000000000e+00
7.565050000000000274e+00 9.999999999999995559e-01
7.575050000000000061e+00 9.999999999999991118e-01
7.585049999999999848e+00 1.000000000000000888e+00
7.595049999999999635e+00 1.000000000000000444e+00
7.605050000000000310e+00 9.999999999999995559e-01
7.615050000000000097e+00 9.999999999999984457e-01
7.625049999999999883e+00 1.000000000000001998e+00
7.635049999999999670e+00 1.000000000000000000e+00
7.645050000000000345e+00 1.000000000000001332e+00
7.655050000000000132e+00 9.999999999999995559e-01
7.665049999999999919e+00 9.999999999999975575e-01
7.675049999999999706e+00 9.999999999999980016e-01
7.685050000000000381e+00 1.000000000000001554e+00
7.695050000000000168e+00 9.999999999999991118e-01
7.705049999999999955e+00 1.000000000000001110e+00
7.715049999999999741e+00 9.999999999999985567e-01
7.725050000000000416e+00 1.000000000000000000e+00
7.735050000000000203e+00 1.000000000000000888e+00
7.745049999999999990e+00 9.999999999999990008e-01
7.755049999999999777e+00 1.000000000000001332e+00
7.765049999999999564e+00 9.999999999999975575e-01
7.775050000000000239e+00 9.999999999999990008e-01
7.785050000000000026e+00 1.000000000000000000e+00
7.795049999999999812e+00 9.999999999999974465e-01
7.805049999999999599e+00 9.999999999999991118e-01
7.815050000000000274e+00 9.999999999999990008e-01
7.825050000000000061e+00 9.999999999999988898e-01
7.835049999999999848e+00 9.999999999999984457e-01
7.845049999999999635e+00 1.000000000000001998e+00
7.855050000000000310e+00 1.000000000000000000e+00
7.865050000000000097e+00 1.000000000000000444e+00
7.875049999999999883e+00 9.999999999999984457e-01
7.885049999999999670e+00 1.000000000000001554e+00
7.895050000000000345e+00 1.000000000000001554e+00
7.905050000000000132e+00 9.999999999999980016e-01
7.915049999999999919e+00 1.000000000000000000e+00
7.925049999999999706e+00 1.000000000000000888e+00
7.935050000000000381e+00 1.000000000000000000e+00
7.945050000000000168e+00 1.000000000000000000e+00
7.955049999999999955e+00 1.000000000000001998e+00
7.965049999999999741e+00 1.000000000000000000e+00
7.975050000000000416e+00 9.999999999999984457e-01
7.985050000000000203e+00 9.999999999999995559e-01
7.995049999999999990e+00 1.000000000000000444e+00
8.005050000000000665e+00 1.000000000000000000e+00
8.015050000000000452e+00 1.000000000000001110e+00
8.025050000000000239e+00 1.000000000000001554e+00
8.035050000000000026e+00 1.000000000000001998e+00
8.045049999999999812e+00 9.999999999999984457e-01
8.055049999999999599e+00 9.999999999999991118e-01
8.065049999999999386e+00 9.999999999999984457e-01
8.075049999999999173e+00 9.999999999999990008e-01
8.085050000000000736e+00 1.000000000000000444e+00
8.095050000000000523e+00 1.000000000000000888e+00
8.105050000000000310e+00 1.000000000000000000e+00
8.115050000000000097e+00 9.999999999999980016e-01
8.125049999999999883e+00 1.000000000000001998e+00
8.135049999999999670e+00 9.999999999999995559e-01
8.145049999999999457e+00 1.000000000000000000e+00
8.155049999999999244e+00 1.000000000000000444e+00
8.165050000000000807e+00 9.999999999999995559e-01
8.175050000000000594e+00 9.999999999999975575e-01
8.185050000000000381e+00 1.000000000000000000e+00
8.195050000000000168e+00 1.000000000000000888e+00
8.205049999999999955e+00 9.999999999999975575e-01
8.215049999999999741e+00 1.000000000000000444e+00
8.225049999999999528e+00 9.999999999999980016e-01
8.235049999999999315e+00 9.999999999999984457e-01
8.245050000000000878e+00 1.000000000000002442e+00
8.255050000000000665e+00 1.000000000000000888e+00
8.265050000000000452e+00 9.999999999999980016e-01
8.275050000000000239e+00 9.999999999999995559e-01
8.285050000000000026e+00 1.000000000000002665e+00
8.295049999999999812e+00 1.000000000000001554e+00
8.305049999999999599e+00 1.000000000000000000e+00
8.315049999999999386e+00 1.000000000000002442e+00
8.325049999999999173e+00 1.000000000000001554e+00
8.335050000000000736e+00 9.999999999999984457e-01
8.345050000000000523e+00 1.000000000000001998e+00
8.355050000000000310e+00 1.000000000000000000e+00
8.365050000000000097e+00 9.999999999999975575e-01
8.375049999999999883e+00 9.999999999999995559e-01
8.385049999999999670e+00 9.999999999999988898e-01
8.395049999999999457e+00 1.000000000000002442e+00
8.405049999999999244e+00 1.000000000000000888e+00
8.415050000000000807e+00 1.000000000000000444e+00
8.425050000000000594e+00 9.999999999999995559e-01
8.435050000000000381e+00 9.999999999999974465e-01
8.445050000000000168e+00 9.999999999999980016e-01
8.455049999999999955e+00 9.999999999999985567e-01
8.465049999999999741e+00 1.000000000000001998e+00
8.475049999999999528e+00 1.000000000000001332e+00
8.485049999999999315e+00 9.999999999999994449e-01
8.495050000000000878e+00 9.999999999999991118e-01
8.505050000000000665e+00 9.999999999999984457e-01
8.515050000000000452e+00 1.000000000000000888e+00
8.525050000000000239e+00 1.000000000000000444e+00
8.535050000000000026e+00 1.000000000000001554e+00
8.545049999999999812e+00 9.999999999999995559e-01
8.555049999999999599e+00 1.000000000000000000e+00
8.565049999999999386e+00 1.000000000000000000e+00
8.575049999999999173e+00 1.000000000000001554e+00
8.585050000000000736e+00 9.999999999999995559e-01
8.595050000000000523e+00 9.999999999999975575e-01
8.605050000000000310e+00 9.999999999999975575e-01
8.615050000000000097e+00 1.000000000000001554e+00
8.625049999999999883e+00 9.999999999999980016e-01
8.635049999999999670e+00 9.999999999999974465e-01
8.645049999999999457e+00 1.000000000000001554e+00
8.655049999999999244e+00 9.999999999999984457e-01
8.665050000000000807e+00 9.999999999999980016e-01
8.675050000000000594e+00 9.999999999999975575e-01
8.685050000000000381e+00 1.000000000000000000e+00
8.695050000000000168e+00 1.000000000000001332e+00
8.705049999999999955e+00 9.999999999999991118e-01
8.715049999999999741e+00 9.999999999999975575e-01
8.725049999999999528e+00 9.999999999999984457e-01
8.735049999999999315e+00 1.000000000000000444e+00
8.745050000000000878e+00 1.000000000000000444e+00
8.755050000000000665e+00 1.000000000000000444e+00
8.765050000000000452e+00 9.999999999999975575e-01
8.775050000000000239e+00 9.999999999999991118e-01
8.785050000000000026e+00 1.000000000000000888e+00
8.795049999999999812e+00 1.000000000000000888e+00
8.805049999999999599e+00 1.000000000000000444e+00
8.815049999999999386e+00 9.999999999999974465e-01
8.825049999999999173e+00 9.999999999999984457e-01
8.835050000000000736e+00 1.000000000000001998e+00
8.845050000000000523e+00 9.999999999999994449e-01
8.855050000000000310e+00 1.000000000000001110e+00
8.865050000000000097e+00 9.999999999999988898e-01
8.875049999999999883e+00 9.999999999999980016e-01
8.885049999999999670e+00 1.000000000000001998e+00
8.895049999999999457e+00 1.000000000000002442e+00
8.905049999999999244e+00 9.999999999999980016e-01
8.915050000000000807e+00 1.000000000000002442e+00
8.925050000000000594e+00 1.000000000000000444e+00
8.935050000000000381e+00 1.000000000000001332e+00
8.945050000000000168e+00 9.999999999999980016e-01
8.955049999999999955e+00 1.000000000000000000e+00
8.965049999999999741e+00 1.000000000000000888e+00
8.975049999999999528e+00 9.999999999999988898e-01
8.985049999999999315e+00 9.999999999999990008e-01
8.995050000000000878e+00 1.000000000000000000e+00
9.005050000000000665e+00 9.999999999999994449e-01
9.015050000000000452e+00 9.999999999999985567e-01
9.025050000000000239e+00 1.000000000000001998e+00
9.035050000000000026e+00 1.000000000000001998e+00
9.045049999999999812e+00 1.000000000000000888e+00
9.055049999999999599e+00 9.999999999999990008e-01
9.065049999999999386e+00 1.000000000000000000e+00
9.075049999999999173e+00 1.000000000000001332e+00
9.085050000000000736e+00 1.000000000000000444e+00
9.095050000000000523e+00 1.000000000000000888e+00
9.105050000000000310e+00 9.999999999999980016e-01
9.115050000000000097e+00 9.999999999999980016e-01
9.125049999999999883e+00 9.999999999999991118e-01
9.135049999999999670e+00 1.000000000000000444e+00
9.145049999999999457e+00 1.000000000000001554e+00
9.155049999999999244e+00 1.000000000000000888e+00
9.165050000000000807e+00 1.000000000000000444e+00
9.175050000000000594e+00 1.000000000000000888e+00
9.185050000000000381e+00 9.999999999999985567e-01
9.195050000000000168e+00 1.000000000000000888e+00
9.205049999999999955e+00 1.000000000000001332e+00
9.215049999999999741e+00 9.999999999999980016e-01
9.225049999999999528e+00 1.000000000000001554e+00
9.235049999999999315e+00 1.000000000000001554e+00
9.245050000000000878e+00 9.999999999999984457e-01
9.255050000000000665e+00 1.000000000000000000e+00
9.265050000000000452e+00 9.999999999999988898e-01
9.275050000000000239e+00 1.000000000000002442e+00
9.285050000000000026e+00 1.000000000000001554e+00
9.295049999999999812e+00 1.000000000000000888e+00
9.305049999999999599e+00 1.000000000000000444e+00
9.315049999999999386e+00 9.999999999999988898e-01
9.325049999999999173e+00 9.999999999999990008e-01
9.335050000000000736e+00 9.999999999999975575e-01
9.345050000000000523e+00 1.000000000000001998e+00
9.355050000000000310e+00 1.000000000000001998e+00
9.365050000000000097e+00 9.999999999999984457e-01
9.375049999999999883e+00 1.000000000000000888e+00
9.385049999999999670e+00 9.999999999999975575e-01
9.395049999999999457e+00 1.000000000000001998e+00
9.405049999999999244e+00 1.000000000000001554e+00
9.415050000000000807e+00 9.999999999999985567e-01
9.425050000000000594e+00 9.999999999999985567e-01
9.435050000000000381e+00 9.999999999999975575e-01
9.445050000000000168e+00 1.000000000000001554e+00
9.455049999999999955e+00 9.999999999999988898e-01
9.465049999999999741e+00 9.999999999999995559e-01
9.475049999999999528e+00 1.000000000000001998e+00
9.485049999999999315e+00 9.999999999999988898e-01
9.495050000000000878e+00 9.999999999999984457e-01
9.505050000000000665e+00 1.000000000000001554e+00
9.515050000000000452e+00 1.000000000000001110e+00
9.525050000000000239e+00 1.000000000000001998e+00
9.535050000000000026e+00 1.000000000000000000e+00
9.545049999999999812e+00 1.000000000000001110e+00
9.555049999999999599e+00 9.999999999999995559e-01
9.565049999999999386e+00 9.999999999999990008e-01
9.575049999999999173e+00 9.999999999999988898e-01
9.585050000000000736e+00 9.999999999999980016e-01
9.595050000000000523e+00 9.999999999999984457e-01
9.605050000000000310e+00 9.999999999999985567e-01
9.615050000000000097e+00 1.000000000000000444e+00
9.625049999999999883e+00 1.000000000000000444e+00
9.635049999999999670e+00 1.000000000000000888e+00
9.645049999999999457e+00 1.000000000000002665e+00
9.655049999999999244e+00 1.000000000000000444e+00
9.665050000000000807e+00 1.000000000000000888e+00
9.675050000000000594e+00 9.999999999999990008e-01
9.685050000000000381e+00 9.999999999999991118e-01
9.695050000000000168e+00 1.000000000000000444e+00
9.705049999999999955e+00 9.999999999999975575e-01
9.715049999999999741e+00 9.999999999999995559e-01
9.725049999999999528e+00 9.999999999999990008e-01
9.735049999999999315e+00 9.999999999999995559e-01
9.745050000000000878e+00 9.999999999999990008e-01
9.755050000000000665e+00 1.000000000000000444e+00
9.765050000000000452e+00 1.000000000000000888e+00
9.775050000000000239e+00 1.000000000000001998e+00
9.785050000000000026e+00 1.000000000000001110e+00
9.795049999999999812e+00 1.000000000000000000e+00
9.805049999999999599e+00 9.999999999999990008e-01
9.815049999999999386e+00 1.000000000000000000e+00
9.825049999999999173e+00 9.999999999999984457e-01
9.835050000000000736e+00 1.000000000000000000e+00
9.845050000000000523e+00 1.000000000000000000e+00
9.855050000000000310e+00 9.999999999999980016e-01
9.865050000000000097e+00 1.000000000000000000e+00
9.875049999999999883e+00 1.000000000000000000e+00
9.885049999999999670e+00 1.000000000000001998e+00
9.895049999999999457e+00 1.000000000000000888e+00
9.905049999999999244e+00 1.000000000000000888e+00
9.915050000000000807e+00 1.000000000000000444e+00
9.925050000000000594e+00 9.999999999999980016e-01
9.935050000000000381e+00 9.999999999999975575e-01
9.945050000000000168e+00 1.000000000000001998e+00
9.955049999999999955e+00 9.999999999999995559e-01
9.965049999999999741e+00 9.999999999999980016e-01
9.975049999999999528e+00 1.000000000000000000e+00
9.985049999999999315e+00 9.999999999999984457e-01
9.995050000000000878e+00 1.000000000000001110e+00
